Lasso: 3.276082 
Lasso: 3.276082 
Lasso: 3.276082 
