Lasso: 3.276082 
Lasso: 3.276082 
Lasso: 3.276082 
Lasso: 3.276082 
Lasso: 3.276082 
Lasso: 3.276082 
PLSR: 0.05017344 
